Generation,A1_Frequency,A1A1_Frequency,A1A2_Frequency,A2A2_Frequency
0,0.900000,0.810000,0.180000,0.010000
1,0.898500,0.807302,0.182396,0.010302
2,0.896550,0.803802,0.185496,0.010702
3,0.897550,0.805596,0.183908,0.010496
4,0.895500,0.801920,0.187160,0.010920
5,0.896150,0.803085,0.186130,0.010785
6,0.895250,0.801473,0.187555,0.010973
7,0.894050,0.799325,0.189449,0.011225
8,0.890550,0.793079,0.194941,0.011979
9,0.886400,0.785705,0.201390,0.012905
10,0.884400,0.782163,0.204473,0.013363
11,0.883400,0.780396,0.206009,0.013596
12,0.878950,0.772553,0.212794,0.014653
13,0.875750,0.766938,0.217624,0.015438
14,0.873550,0.763090,0.220921,0.015990
15,0.874150,0.764138,0.220024,0.015838
16,0.875550,0.766588,0.217924,0.015488
17,0.876450,0.768165,0.216571,0.015265
18,0.875100,0.765800,0.218600,0.015600
19,0.876250,0.767814,0.216872,0.015314
20,0.876500,0.768252,0.216496,0.015252
21,0.875100,0.765800,0.218600,0.015600
22,0.875750,0.766938,0.217624,0.015438
23,0.875800,0.767026,0.217549,0.015426
24,0.871450,0.759425,0.224050,0.016525
25,0.873100,0.762304,0.221593,0.016104
26,0.870850,0.758380,0.224941,0.016680
27,0.876250,0.767814,0.216872,0.015314
28,0.873950,0.763789,0.220323,0.015889
29,0.871850,0.760122,0.223455,0.016422
30,0.869650,0.756291,0.226718,0.016991
31,0.867000,0.751689,0.230622,0.017689
32,0.871950,0.760297,0.223306,0.016397
33,0.870000,0.756900,0.226200,0.016900
34,0.866750,0.751256,0.230989,0.017756
35,0.867400,0.752383,0.230034,0.017583
36,0.867000,0.751689,0.230622,0.017689
37,0.867550,0.752643,0.229814,0.017543
38,0.865250,0.748658,0.233185,0.018158
39,0.861250,0.741752,0.238997,0.019252
40,0.859900,0.739428,0.240944,0.019628
41,0.858950,0.737795,0.242310,0.019895
42,0.859600,0.738912,0.241376,0.019712
43,0.858800,0.737537,0.242525,0.019937
44,0.856900,0.734278,0.245245,0.020478
45,0.854200,0.729658,0.249085,0.021258
46,0.851850,0.725648,0.252403,0.021948
47,0.856750,0.734021,0.245459,0.020521
48,0.859200,0.738225,0.241951,0.019825
49,0.858800,0.737537,0.242525,0.019937
50,0.859850,0.739342,0.241016,0.019642
51,0.861000,0.741321,0.239358,0.019321
52,0.862100,0.743216,0.237767,0.019016
53,0.857350,0.735049,0.244602,0.020349
54,0.858200,0.736507,0.243386,0.020107
55,0.857050,0.734535,0.245031,0.020435
56,0.852850,0.727353,0.250994,0.021653
57,0.855300,0.731538,0.247524,0.020938
58,0.856150,0.732993,0.246314,0.020693
59,0.856800,0.734106,0.245388,0.020506
60,0.857050,0.734535,0.245031,0.020435
61,0.860300,0.740116,0.240368,0.019516
62,0.863200,0.745114,0.236172,0.018714
63,0.862250,0.743475,0.237550,0.018975
64,0.858750,0.737452,0.242597,0.019952
65,0.861050,0.741407,0.239286,0.019307
66,0.861600,0.742355,0.238491,0.019155
67,0.864250,0.746928,0.234644,0.018428
68,0.864300,0.747014,0.234571,0.018414
69,0.855550,0.731966,0.247168,0.020866
70,0.855800,0.732394,0.246813,0.020794
71,0.854700,0.730512,0.248376,0.021112
72,0.854850,0.730769,0.248163,0.021069
73,0.855000,0.731025,0.247950,0.021025
74,0.855350,0.731624,0.247453,0.020924
75,0.851300,0.724712,0.253177,0.022112
76,0.850200,0.722840,0.254720,0.022440
77,0.850100,0.722670,0.254860,0.022470
78,0.851050,0.724286,0.253528,0.022186
79,0.849650,0.721905,0.255490,0.022605
80,0.848600,0.720122,0.256956,0.022922
81,0.846900,0.717240,0.259321,0.023440
82,0.851750,0.725478,0.252544,0.021978
83,0.850500,0.723350,0.254299,0.022350
84,0.852550,0.726842,0.251417,0.021742
85,0.852150,0.726160,0.251981,0.021860
86,0.851850,0.725648,0.252403,0.021948
87,0.849550,0.721735,0.255630,0.022635
88,0.849050,0.720886,0.256328,0.022786
89,0.845400,0.714701,0.261398,0.023901
90,0.843800,0.711998,0.263603,0.024398
91,0.844400,0.713011,0.262777,0.024211
92,0.843200,0.710986,0.264428,0.024586
93,0.842150,0.709217,0.265867,0.024917
94,0.841500,0.708122,0.266755,0.025122
95,0.839950,0.705516,0.268868,0.025616
96,0.841050,0.707365,0.267370,0.025265
97,0.841550,0.708206,0.266687,0.025106
98,0.843750,0.711914,0.263672,0.024414
99,0.841500,0.708122,0.266755,0.025122
100,0.845050,0.714110,0.261881,0.024010
101,0.840700,0.706776,0.267847,0.025376
102,0.839750,0.705180,0.269140,0.025680
103,0.843500,0.711492,0.264015,0.024492
104,0.842900,0.710480,0.264839,0.024680
105,0.843950,0.712252,0.263397,0.024352
106,0.843650,0.711745,0.263809,0.024445
107,0.842800,0.710312,0.264976,0.024712
108,0.848300,0.719613,0.257374,0.023013
109,0.846150,0.715970,0.260360,0.023670
110,0.844100,0.712505,0.263190,0.024305
111,0.841700,0.708459,0.266482,0.025059
112,0.843700,0.711830,0.263741,0.024430
113,0.844550,0.713265,0.262571,0.024165
114,0.848100,0.719274,0.257653,0.023074
115,0.847350,0.718002,0.258696,0.023302
116,0.845200,0.714363,0.261674,0.023963
117,0.847600,0.718426,0.258348,0.023226
118,0.842950,0.710565,0.264771,0.024665
119,0.841400,0.707954,0.266892,0.025154
120,0.837600,0.701574,0.272052,0.026374
121,0.836800,0.700234,0.273132,0.026634
122,0.836950,0.700485,0.272929,0.026585
123,0.835650,0.698311,0.274678,0.027011
124,0.836750,0.700151,0.273199,0.026651
125,0.838200,0.702579,0.271242,0.026179
126,0.835500,0.698060,0.274879,0.027060
127,0.832600,0.693223,0.278754,0.028023
128,0.835750,0.698478,0.274544,0.026978
129,0.836850,0.700318,0.273064,0.026618
130,0.839050,0.704005,0.270090,0.025905
131,0.839950,0.705516,0.268868,0.025616
132,0.842000,0.708964,0.266072,0.024964
133,0.843650,0.711745,0.263809,0.024445
134,0.842850,0.710396,0.264908,0.024696
135,0.838650,0.703334,0.270632,0.026034
136,0.838800,0.703585,0.270429,0.025985
137,0.836050,0.698980,0.274141,0.026880
138,0.841500,0.708122,0.266755,0.025122
139,0.837950,0.702160,0.271580,0.026260
140,0.835350,0.697810,0.275081,0.027110
141,0.835600,0.698227,0.274745,0.027027
142,0.836050,0.698980,0.274141,0.026880
143,0.838800,0.703585,0.270429,0.025985
144,0.837850,0.701993,0.271715,0.026293
145,0.838650,0.703334,0.270632,0.026034
146,0.842050,0.709048,0.266004,0.024948
147,0.841750,0.708543,0.266414,0.025043
148,0.839700,0.705096,0.269208,0.025696
149,0.842250,0.709385,0.265730,0.024885
150,0.842050,0.709048,0.266004,0.024948
151,0.840300,0.706104,0.268392,0.025504
152,0.838150,0.702495,0.271309,0.026195
153,0.839100,0.704089,0.270022,0.025889
154,0.840950,0.707197,0.267506,0.025297
155,0.843750,0.711914,0.263672,0.024414
156,0.844500,0.713180,0.262639,0.024180
157,0.846950,0.717324,0.259251,0.023424
158,0.844050,0.712420,0.263259,0.024320
159,0.844300,0.712842,0.262915,0.024242
160,0.844100,0.712505,0.263190,0.024305
161,0.843900,0.712167,0.263466,0.024367
162,0.846350,0.716308,0.260083,0.023608
163,0.846950,0.717324,0.259251,0.023424
164,0.847250,0.717833,0.258835,0.023333
165,0.844550,0.713265,0.262571,0.024165
166,0.844900,0.713856,0.262088,0.024056
167,0.844550,0.713265,0.262571,0.024165
168,0.840350,0.706188,0.268324,0.025488
169,0.842600,0.709975,0.265250,0.024775
170,0.842350,0.709554,0.265593,0.024854
171,0.845300,0.714532,0.261536,0.023932
172,0.845900,0.715547,0.260706,0.023747
173,0.847150,0.717663,0.258974,0.023363
174,0.850950,0.724116,0.253668,0.022216
175,0.850700,0.723690,0.254019,0.022290
176,0.850100,0.722670,0.254860,0.022470
177,0.850500,0.723350,0.254299,0.022350
178,0.848950,0.720716,0.256468,0.022816
179,0.851600,0.725223,0.252755,0.022023
180,0.849650,0.721905,0.255490,0.022605
181,0.849300,0.721310,0.255979,0.022710
182,0.845050,0.714110,0.261881,0.024010
183,0.842350,0.709554,0.265593,0.024854
184,0.845300,0.714532,0.261536,0.023932
185,0.846850,0.717155,0.259390,0.023455
186,0.851100,0.724371,0.253458,0.022171
187,0.852700,0.727097,0.251205,0.021697
188,0.852650,0.727012,0.251276,0.021712
189,0.848400,0.719783,0.257235,0.022983
190,0.847850,0.718850,0.258001,0.023150
191,0.846200,0.716054,0.260291,0.023654
192,0.849100,0.720971,0.256258,0.022771
193,0.852350,0.726501,0.251699,0.021801
194,0.857500,0.735306,0.244387,0.020306
195,0.856550,0.733678,0.245744,0.020578
196,0.856850,0.734192,0.245316,0.020492
197,0.855850,0.732479,0.246742,0.020779
198,0.857400,0.735135,0.244530,0.020335
199,0.853250,0.728036,0.250429,0.021536
200,0.852400,0.726586,0.251628,0.021786
201,0.850800,0.723861,0.253879,0.022261
202,0.849650,0.721905,0.255490,0.022605
203,0.847750,0.718680,0.258140,0.023180
204,0.849050,0.720886,0.256328,0.022786
205,0.849800,0.722160,0.255280,0.022560
206,0.851350,0.724797,0.253106,0.022097
207,0.847500,0.718256,0.258487,0.023256
208,0.848700,0.720292,0.256817,0.022892
209,0.851500,0.725052,0.252895,0.022052
210,0.848300,0.719613,0.257374,0.023013
211,0.843800,0.711998,0.263603,0.024398
212,0.842450,0.709722,0.265456,0.024822
213,0.840600,0.706608,0.267983,0.025408
214,0.838650,0.703334,0.270632,0.026034
215,0.834050,0.695639,0.276821,0.027539
216,0.833400,0.694556,0.277689,0.027756
217,0.833900,0.695389,0.277022,0.027589
218,0.832500,0.693056,0.278887,0.028056
219,0.831550,0.691475,0.280149,0.028375
220,0.831900,0.692058,0.279685,0.028258
221,0.831100,0.690727,0.280746,0.028527
222,0.833650,0.694972,0.277355,0.027672
223,0.833100,0.694056,0.278089,0.027856
224,0.831400,0.691226,0.280348,0.028426
225,0.830950,0.690478,0.280944,0.028578
226,0.830850,0.690312,0.281077,0.028612
227,0.830300,0.689398,0.281804,0.028798
228,0.827050,0.684012,0.286077,0.029912
229,0.827650,0.685005,0.285291,0.029705
230,0.822750,0.676918,0.291665,0.031418
231,0.825700,0.681780,0.287839,0.030380
232,0.825150,0.680873,0.288555,0.030573
233,0.824750,0.680213,0.289075,0.030713
234,0.822950,0.677247,0.291407,0.031347
235,0.825550,0.681533,0.288034,0.030433
236,0.826950,0.683846,0.286207,0.029946
237,0.829500,0.688070,0.282859,0.029070
238,0.833650,0.694972,0.277355,0.027672
239,0.836200,0.699230,0.273939,0.026830
240,0.834100,0.695723,0.276754,0.027523
241,0.836350,0.699481,0.273737,0.026781
242,0.835750,0.698478,0.274544,0.026978
243,0.837000,0.700569,0.272862,0.026569
244,0.834800,0.696891,0.275818,0.027291
245,0.835500,0.698060,0.274879,0.027060
246,0.836200,0.699230,0.273939,0.026830
247,0.832600,0.693223,0.278754,0.028023
248,0.831000,0.690561,0.280878,0.028561
249,0.831100,0.690727,0.280746,0.028527
250,0.831350,0.691143,0.280414,0.028443
251,0.830250,0.689315,0.281870,0.028815
252,0.831500,0.691392,0.280215,0.028392
253,0.826600,0.683268,0.286665,0.030068
254,0.823600,0.678317,0.290566,0.031117
255,0.814100,0.662759,0.302682,0.034559
256,0.812150,0.659588,0.305125,0.035288
257,0.810850,0.657478,0.306745,0.035778
258,0.809850,0.655857,0.307986,0.036157
259,0.812050,0.659425,0.305250,0.035325
260,0.812350,0.659913,0.304875,0.035213
261,0.810500,0.656910,0.307179,0.035910
262,0.809750,0.655695,0.308110,0.036195
263,0.811550,0.658613,0.305873,0.035513
264,0.812350,0.659913,0.304875,0.035213
265,0.813950,0.662515,0.302871,0.034615
266,0.814300,0.663084,0.302431,0.034484
267,0.813300,0.661457,0.303686,0.034857
268,0.815000,0.664225,0.301550,0.034225
269,0.815950,0.665774,0.300351,0.033874
270,0.815800,0.665530,0.300541,0.033930
271,0.817350,0.668061,0.298578,0.033361
272,0.815850,0.665611,0.300478,0.033911
273,0.816550,0.666754,0.299592,0.033654
274,0.816750,0.667081,0.299339,0.033581
275,0.818600,0.670106,0.296988,0.032906
276,0.819000,0.670761,0.296478,0.032761
277,0.823150,0.677576,0.291148,0.031276
278,0.822350,0.676260,0.292181,0.031560
279,0.822600,0.676671,0.291858,0.031471
280,0.819400,0.671416,0.295967,0.032616
281,0.820600,0.673384,0.294431,0.032184
282,0.819600,0.671744,0.295712,0.032544
283,0.816100,0.666019,0.300162,0.033819
284,0.820250,0.672810,0.294880,0.032310
285,0.819650,0.671826,0.295648,0.032526
286,0.819250,0.671171,0.296159,0.032671
287,0.817750,0.668715,0.298070,0.033215
288,0.820550,0.673302,0.294495,0.032202
289,0.813450,0.661701,0.303498,0.034801
290,0.816300,0.666346,0.299909,0.033746
291,0.823350,0.677905,0.290890,0.031205
292,0.824850,0.680378,0.288945,0.030678
293,0.820600,0.673384,0.294431,0.032184
294,0.821650,0.675109,0.293083,0.031809
295,0.821600,0.675027,0.293147,0.031827
296,0.823350,0.677905,0.290890,0.031205
297,0.826150,0.682524,0.287252,0.030224
298,0.825650,0.681698,0.287904,0.030398
299,0.819600,0.671744,0.295712,0.032544
300,0.818700,0.670270,0.296861,0.032870
301,0.817950,0.669042,0.297816,0.033142
302,0.816650,0.666917,0.299466,0.033617
303,0.816400,0.666509,0.299782,0.033709
304,0.815300,0.664714,0.301172,0.034114
305,0.817200,0.667816,0.298768,0.033416
306,0.816600,0.666836,0.299529,0.033636
307,0.817050,0.667571,0.298959,0.033471
308,0.815400,0.664877,0.301046,0.034077
309,0.812400,0.659994,0.304812,0.035194
310,0.808000,0.652864,0.310272,0.036864
311,0.807400,0.651895,0.311010,0.037095
312,0.803250,0.645211,0.316079,0.038711
313,0.803900,0.646255,0.315290,0.038455
314,0.798550,0.637682,0.321736,0.040582
315,0.802550,0.644087,0.316927,0.038987
316,0.804000,0.646416,0.315168,0.038416
317,0.802850,0.644568,0.316564,0.038868
318,0.797200,0.635528,0.323344,0.041128
319,0.801350,0.642162,0.318376,0.039462
320,0.799350,0.638960,0.320779,0.040260
321,0.799750,0.639600,0.320300,0.040100
322,0.796950,0.635129,0.323641,0.041229
323,0.798250,0.637203,0.322094,0.040703
324,0.797800,0.636485,0.322630,0.040885
325,0.788500,0.621732,0.333536,0.044732
326,0.789750,0.623705,0.332090,0.044205
327,0.792000,0.627264,0.329472,0.043264
328,0.791700,0.626789,0.329822,0.043389
329,0.787150,0.619605,0.335090,0.045305
330,0.788600,0.621890,0.333420,0.044690
331,0.788750,0.622127,0.333247,0.044627
332,0.790750,0.625286,0.330929,0.043786
333,0.797550,0.636086,0.322928,0.040986
334,0.796050,0.633696,0.324709,0.041596
335,0.795800,0.633298,0.325005,0.041698
336,0.794600,0.631389,0.326422,0.042189
337,0.794600,0.631389,0.326422,0.042189
338,0.790450,0.624811,0.331278,0.043911
339,0.792050,0.627343,0.329414,0.043243
340,0.794800,0.631707,0.326186,0.042107
341,0.794750,0.631628,0.326245,0.042128
342,0.794800,0.631707,0.326186,0.042107
343,0.796650,0.634651,0.323998,0.041351
344,0.792600,0.628215,0.328770,0.043015
345,0.787900,0.620786,0.334227,0.044986
346,0.787850,0.620708,0.334285,0.045008
347,0.785550,0.617089,0.336922,0.045989
348,0.782400,0.612150,0.340500,0.047350
349,0.783100,0.613246,0.339709,0.047046
350,0.777250,0.604118,0.346265,0.049618
351,0.777400,0.604351,0.346098,0.049551
352,0.772050,0.596061,0.351978,0.051961
353,0.767950,0.589747,0.356406,0.053847
354,0.764750,0.584843,0.359815,0.055343
355,0.759300,0.576536,0.365527,0.057936
356,0.756500,0.572292,0.368416,0.059292
357,0.756550,0.572368,0.368364,0.059268
358,0.757000,0.573049,0.367902,0.059049
359,0.755500,0.570780,0.369440,0.059780
360,0.752200,0.565805,0.372790,0.061405
361,0.753800,0.568214,0.371171,0.060614
362,0.751800,0.565203,0.373194,0.061603
363,0.751650,0.564978,0.373345,0.061678
364,0.752750,0.566633,0.372235,0.061133
365,0.750250,0.562875,0.374750,0.062375
366,0.747250,0.558383,0.377735,0.063883
367,0.749400,0.561600,0.375599,0.062800
368,0.750800,0.563701,0.374199,0.062101
369,0.750200,0.562800,0.374800,0.062400
370,0.745900,0.556367,0.379066,0.064567
371,0.749100,0.561151,0.375898,0.062951
372,0.748150,0.559728,0.376843,0.063428
373,0.751550,0.564827,0.373445,0.061727
374,0.749300,0.561450,0.375699,0.062850
375,0.749600,0.561900,0.375400,0.062700
376,0.751700,0.565053,0.373294,0.061653
377,0.748950,0.560926,0.376048,0.063026
378,0.753350,0.567536,0.371628,0.060836
379,0.760850,0.578893,0.363915,0.057193
380,0.762850,0.581940,0.361820,0.056240
381,0.759350,0.576612,0.365475,0.057912
382,0.755550,0.570856,0.369388,0.059756
383,0.757250,0.573428,0.367645,0.058928
384,0.756950,0.572973,0.367953,0.059073
385,0.757400,0.573655,0.367490,0.058855
386,0.758850,0.575853,0.365993,0.058153
387,0.758100,0.574716,0.366769,0.058516
388,0.761800,0.580339,0.362922,0.056739
389,0.758700,0.575626,0.366149,0.058226
390,0.763250,0.582551,0.361399,0.056051
391,0.763050,0.582245,0.361609,0.056145
392,0.765100,0.585378,0.359444,0.055178
393,0.765350,0.585761,0.359179,0.055061
394,0.769850,0.592669,0.354362,0.052969
395,0.770150,0.593131,0.354038,0.052831
396,0.768500,0.590592,0.355816,0.053592
397,0.774600,0.600005,0.349190,0.050805
398,0.777600,0.604662,0.345876,0.049462
399,0.773950,0.598999,0.349903,0.051099
400,0.768900,0.591207,0.355386,0.053407
401,0.773350,0.598070,0.350560,0.051370
402,0.774050,0.599153,0.349793,0.051053
403,0.774750,0.600238,0.349025,0.050738
404,0.773200,0.597838,0.350724,0.051438
405,0.767600,0.589210,0.356780,0.054010
406,0.767500,0.589056,0.356888,0.054056
407,0.766600,0.587676,0.357849,0.054476
408,0.763550,0.583009,0.361083,0.055909
409,0.764000,0.583696,0.360608,0.055696
410,0.763800,0.583390,0.360819,0.055790
411,0.762600,0.581559,0.362082,0.056359
412,0.765050,0.585302,0.359497,0.055202
413,0.767350,0.588826,0.357048,0.054126
414,0.766500,0.587522,0.357956,0.054522
415,0.761150,0.579349,0.363601,0.057049
416,0.763400,0.582780,0.361241,0.055980
417,0.770650,0.593901,0.353497,0.052601
418,0.769200,0.591669,0.355063,0.053269
419,0.769550,0.592207,0.354686,0.053107
420,0.768100,0.589978,0.356245,0.053778
421,0.770100,0.593054,0.354092,0.052854
422,0.771700,0.595521,0.352358,0.052121
423,0.771850,0.595752,0.352195,0.052052
424,0.771250,0.594827,0.352847,0.052327
425,0.768000,0.589824,0.356352,0.053824
426,0.772700,0.597065,0.351269,0.051665
427,0.774400,0.599695,0.349409,0.050895
428,0.774050,0.599153,0.349793,0.051053
429,0.776750,0.603341,0.346819,0.049841
430,0.779900,0.608244,0.343312,0.048444
431,0.782050,0.611602,0.340896,0.047502
432,0.775800,0.601866,0.347869,0.050266
433,0.774850,0.600393,0.348915,0.050693
434,0.782500,0.612306,0.340388,0.047306
435,0.784000,0.614656,0.338688,0.046656
436,0.783050,0.613167,0.339765,0.047067
437,0.782750,0.612698,0.340105,0.047198
438,0.777850,0.605051,0.345599,0.049351
439,0.778450,0.605984,0.344931,0.049084
440,0.777900,0.605128,0.345543,0.049328
441,0.779600,0.607776,0.343648,0.048576
442,0.778850,0.606607,0.344485,0.048907
443,0.784400,0.615283,0.338233,0.046483
444,0.782800,0.612776,0.340048,0.047176
445,0.781850,0.611289,0.341121,0.047589
446,0.782500,0.612306,0.340388,0.047306
447,0.785550,0.617089,0.336922,0.045989
448,0.789850,0.623863,0.331974,0.044163
449,0.786100,0.617953,0.336294,0.045753
450,0.785900,0.617639,0.336522,0.045839
451,0.785800,0.617482,0.336637,0.045882
452,0.785150,0.616461,0.337379,0.046161
453,0.784400,0.615283,0.338233,0.046483
454,0.784950,0.616147,0.337607,0.046247
455,0.786650,0.618818,0.335664,0.045518
456,0.785350,0.616775,0.337151,0.046075
457,0.785650,0.617246,0.336808,0.045946
458,0.785350,0.616775,0.337151,0.046075
459,0.785850,0.617560,0.336580,0.045860
460,0.782600,0.612463,0.340274,0.047263
461,0.775800,0.601866,0.347869,0.050266
462,0.777300,0.604195,0.346209,0.049595
463,0.777000,0.603729,0.346542,0.049729
464,0.775400,0.601245,0.348310,0.050445
465,0.772750,0.597143,0.351215,0.051643
466,0.770050,0.592977,0.354146,0.052877
467,0.770300,0.593362,0.353876,0.052762
468,0.775400,0.601245,0.348310,0.050445
469,0.772000,0.595984,0.352032,0.051984
470,0.773650,0.598534,0.350231,0.051234
471,0.774700,0.600160,0.349080,0.050760
472,0.774950,0.600548,0.348805,0.050648
473,0.775150,0.600858,0.348585,0.050558
474,0.775550,0.601478,0.348144,0.050378
475,0.778300,0.605751,0.345098,0.049151
476,0.776300,0.602642,0.347317,0.050042
477,0.774450,0.599773,0.349354,0.050873
478,0.770850,0.594210,0.353281,0.052510
479,0.773450,0.598225,0.350450,0.051325
480,0.774350,0.599618,0.349464,0.050918
481,0.777550,0.604584,0.345932,0.049484
482,0.780500,0.609180,0.342640,0.048180
483,0.777800,0.604973,0.345654,0.049373
484,0.777650,0.604740,0.345821,0.049440
485,0.778950,0.606763,0.344374,0.048863
486,0.773050,0.597606,0.350887,0.051506
487,0.766100,0.586909,0.358382,0.054709
488,0.765500,0.585990,0.359020,0.054990
489,0.772100,0.596138,0.351923,0.051938
490,0.773850,0.598844,0.350012,0.051144
491,0.779850,0.608166,0.343368,0.048466
492,0.778850,0.606607,0.344485,0.048907
493,0.778800,0.606529,0.344541,0.048929
494,0.779200,0.607153,0.344095,0.048753
495,0.773950,0.598999,0.349903,0.051099
496,0.769700,0.592438,0.354524,0.053038
497,0.770050,0.592977,0.354146,0.052877
498,0.769400,0.591976,0.354847,0.053176
499,0.767000,0.588289,0.357422,0.054289
500,0.767400,0.588903,0.356994,0.054103
501,0.765600,0.586143,0.358913,0.054943
502,0.766150,0.586986,0.358328,0.054686
503,0.761800,0.580339,0.362922,0.056739
504,0.755800,0.571234,0.369133,0.059634
505,0.756750,0.572671,0.368159,0.059171
506,0.758300,0.575019,0.366562,0.058419
507,0.765300,0.585684,0.359232,0.055084
508,0.765350,0.585761,0.359179,0.055061
509,0.765200,0.585531,0.359338,0.055131
510,0.761800,0.580339,0.362922,0.056739
511,0.768300,0.590285,0.356030,0.053685
512,0.766950,0.588212,0.357475,0.054312
513,0.770050,0.592977,0.354146,0.052877
514,0.775900,0.602021,0.347758,0.050221
515,0.772850,0.597297,0.351106,0.051597
516,0.774750,0.600238,0.349025,0.050738
517,0.781900,0.611368,0.341065,0.047568
518,0.781700,0.611055,0.341290,0.047655
519,0.783550,0.613951,0.339199,0.046851
520,0.783650,0.614107,0.339085,0.046807
521,0.788700,0.622048,0.333305,0.044648
522,0.788000,0.620944,0.334112,0.044944
523,0.783950,0.614578,0.338745,0.046678
524,0.780000,0.608400,0.343200,0.048400
525,0.780950,0.609883,0.342134,0.047983
526,0.778650,0.606296,0.344708,0.048996
527,0.780100,0.608556,0.343088,0.048356
528,0.777950,0.605206,0.345488,0.049306
529,0.776950,0.603651,0.346597,0.049751
530,0.776200,0.602486,0.347427,0.050086
531,0.777100,0.603884,0.346431,0.049684
532,0.774700,0.600160,0.349080,0.050760
533,0.781550,0.610820,0.341459,0.047720
534,0.780700,0.609492,0.342415,0.048092
535,0.786350,0.618346,0.336007,0.045646
536,0.790950,0.625602,0.330696,0.043702
537,0.793400,0.629484,0.327833,0.042684
538,0.791200,0.625997,0.330405,0.043597
539,0.788100,0.621102,0.333997,0.044902
540,0.793050,0.628928,0.328243,0.042828
541,0.792750,0.628453,0.328595,0.042953
542,0.794950,0.631946,0.326009,0.042046
543,0.799100,0.638561,0.321078,0.040361
544,0.796050,0.633696,0.324709,0.041596
545,0.793550,0.629722,0.327657,0.042622
546,0.793000,0.628849,0.328302,0.042849
547,0.794800,0.631707,0.326186,0.042107
548,0.798250,0.637203,0.322094,0.040703
549,0.798450,0.637522,0.321855,0.040622
550,0.797750,0.636405,0.322690,0.040905
551,0.795850,0.633377,0.324946,0.041677
552,0.793100,0.629008,0.328185,0.042808
553,0.794750,0.631628,0.326245,0.042128
554,0.795950,0.633536,0.324827,0.041636
555,0.800300,0.640480,0.319640,0.039880
556,0.798800,0.638081,0.321437,0.040481
557,0.802350,0.643766,0.317169,0.039066
558,0.802700,0.644327,0.316745,0.038927
559,0.809550,0.655371,0.308358,0.036271
560,0.809150,0.654724,0.308853,0.036424
561,0.813350,0.661538,0.303624,0.034838
562,0.810900,0.657559,0.306682,0.035759
563,0.812350,0.659913,0.304875,0.035213
564,0.813600,0.661945,0.303310,0.034745
565,0.813000,0.660969,0.304062,0.034969
566,0.811150,0.657964,0.306371,0.035664
567,0.812700,0.660481,0.304437,0.035081
568,0.814650,0.663655,0.301991,0.034355
569,0.812950,0.660888,0.304125,0.034988
570,0.815050,0.664307,0.301487,0.034207
571,0.812050,0.659425,0.305250,0.035325
572,0.810600,0.657072,0.307055,0.035872
573,0.811350,0.658289,0.306122,0.035589
574,0.814500,0.663410,0.302179,0.034410
575,0.814850,0.663981,0.301739,0.034281
576,0.813600,0.661945,0.303310,0.034745
577,0.810450,0.656829,0.307242,0.035929
578,0.806550,0.650523,0.312054,0.037423
579,0.807050,0.651330,0.311441,0.037230
580,0.806850,0.651007,0.311686,0.037307
581,0.800700,0.641120,0.319159,0.039720
582,0.801700,0.642723,0.317954,0.039323
583,0.802350,0.643766,0.317169,0.039066
584,0.796500,0.634412,0.324176,0.041412
585,0.794400,0.631071,0.326657,0.042271
586,0.793450,0.629563,0.327774,0.042663
587,0.788100,0.621102,0.333997,0.044902
588,0.788900,0.622363,0.333074,0.044563
589,0.791350,0.626235,0.330230,0.043535
590,0.794050,0.630515,0.327069,0.042415
591,0.792800,0.628532,0.328536,0.042932
592,0.794400,0.631071,0.326657,0.042271
593,0.796200,0.633934,0.324531,0.041534
594,0.800300,0.640480,0.319640,0.039880
595,0.797650,0.636246,0.322809,0.040946
596,0.800100,0.640160,0.319880,0.039960
597,0.802300,0.643685,0.317229,0.039085
598,0.805550,0.648911,0.313278,0.037811
599,0.808550,0.653753,0.309594,0.036653
600,0.809300,0.654966,0.308667,0.036366
601,0.807850,0.652622,0.310457,0.036922
602,0.808300,0.653349,0.309902,0.036749
603,0.809500,0.655290,0.308420,0.036290
604,0.810350,0.656667,0.307366,0.035967
605,0.808050,0.652945,0.310210,0.036845
606,0.806100,0.649797,0.312606,0.037597
607,0.806050,0.649717,0.312667,0.037617
608,0.810100,0.656262,0.307676,0.036062
609,0.812300,0.659831,0.304937,0.035231
610,0.811050,0.657802,0.306496,0.035702
611,0.812400,0.659994,0.304812,0.035194
612,0.812050,0.659425,0.305250,0.035325
613,0.802550,0.644087,0.316927,0.038987
614,0.802550,0.644087,0.316927,0.038987
615,0.808650,0.653915,0.309470,0.036615
616,0.808550,0.653753,0.309594,0.036653
617,0.813850,0.662352,0.302996,0.034652
618,0.811150,0.657964,0.306371,0.035664
619,0.803350,0.645371,0.315958,0.038671
620,0.806700,0.650765,0.311870,0.037365
621,0.807400,0.651895,0.311010,0.037095
622,0.807400,0.651895,0.311010,0.037095
623,0.807000,0.651249,0.311502,0.037249
624,0.809000,0.654481,0.309038,0.036481
625,0.809800,0.655776,0.308048,0.036176
626,0.808300,0.653349,0.309902,0.036749
627,0.811700,0.658857,0.305686,0.035457
628,0.813150,0.661213,0.303874,0.034913
629,0.814550,0.663492,0.302117,0.034392
630,0.816150,0.666101,0.300098,0.033801
631,0.812050,0.659425,0.305250,0.035325
632,0.814000,0.662596,0.302808,0.034596
633,0.814250,0.663003,0.302494,0.034503
634,0.815250,0.664633,0.301235,0.034133
635,0.812650,0.660400,0.304500,0.035100
636,0.810700,0.657234,0.306931,0.035834
637,0.812600,0.660319,0.304562,0.035119
638,0.808450,0.653591,0.309717,0.036691
639,0.809000,0.654481,0.309038,0.036481
640,0.807000,0.651249,0.311502,0.037249
641,0.806250,0.650039,0.312422,0.037539
642,0.804000,0.646416,0.315168,0.038416
643,0.800300,0.640480,0.319640,0.039880
644,0.797400,0.635847,0.323106,0.041047
645,0.798900,0.638241,0.321318,0.040441
646,0.799600,0.639360,0.320480,0.040160
647,0.797700,0.636325,0.322749,0.040925
648,0.801050,0.641681,0.318738,0.039581
649,0.800150,0.640240,0.319820,0.039940
650,0.798000,0.636804,0.322392,0.040804
651,0.793050,0.628928,0.328243,0.042828
652,0.795850,0.633377,0.324946,0.041677
653,0.794600,0.631389,0.326422,0.042189
654,0.796900,0.635050,0.323701,0.041250
655,0.795450,0.632741,0.325419,0.041841
656,0.795950,0.633536,0.324827,0.041636
657,0.791400,0.626314,0.330172,0.043514
658,0.791050,0.625760,0.330580,0.043660
659,0.788350,0.621496,0.333709,0.044796
660,0.789750,0.623705,0.332090,0.044205
661,0.787250,0.619763,0.334975,0.045263
662,0.785350,0.616775,0.337151,0.046075
663,0.786000,0.617796,0.336408,0.045796
664,0.784700,0.615754,0.337892,0.046354
665,0.785850,0.617560,0.336580,0.045860
666,0.786050,0.617875,0.336351,0.045775
667,0.783000,0.613089,0.339822,0.047089
668,0.782200,0.611837,0.340726,0.047437
669,0.782700,0.612619,0.340161,0.047219
670,0.786650,0.618818,0.335664,0.045518
671,0.784750,0.615833,0.337835,0.046333
672,0.789450,0.623231,0.332437,0.044331
673,0.790050,0.624179,0.331742,0.044079
674,0.791750,0.626868,0.329764,0.043368
675,0.791750,0.626868,0.329764,0.043368
676,0.791250,0.626077,0.330347,0.043577
677,0.794600,0.631389,0.326422,0.042189
678,0.794450,0.631151,0.326598,0.042251
679,0.794600,0.631389,0.326422,0.042189
680,0.792400,0.627898,0.329004,0.043098
681,0.794300,0.630912,0.326775,0.042312
682,0.796650,0.634651,0.323998,0.041351
683,0.795000,0.632025,0.325950,0.042025
684,0.796200,0.633934,0.324531,0.041534
685,0.792550,0.628136,0.328829,0.043036
686,0.791450,0.626393,0.330114,0.043493
687,0.789050,0.622600,0.332900,0.044500
688,0.794250,0.630833,0.326834,0.042333
689,0.798200,0.637123,0.322154,0.040723
690,0.800350,0.640560,0.319580,0.039860
691,0.800150,0.640240,0.319820,0.039940
692,0.795950,0.633536,0.324827,0.041636
693,0.800200,0.640320,0.319760,0.039920
694,0.797650,0.636246,0.322809,0.040946
695,0.796900,0.635050,0.323701,0.041250
696,0.798450,0.637522,0.321855,0.040622
697,0.799600,0.639360,0.320480,0.040160
698,0.800900,0.641441,0.318918,0.039641
699,0.802700,0.644327,0.316745,0.038927
700,0.802250,0.643605,0.317290,0.039105
701,0.802600,0.644167,0.316866,0.038967
702,0.799100,0.638561,0.321078,0.040361
703,0.800000,0.640000,0.320000,0.040000
704,0.802550,0.644087,0.316927,0.038987
705,0.803800,0.646094,0.315411,0.038494
706,0.803950,0.646336,0.315229,0.038436
707,0.807050,0.651330,0.311441,0.037230
708,0.802250,0.643605,0.317290,0.039105
709,0.800900,0.641441,0.318918,0.039641
710,0.801750,0.642803,0.317894,0.039303
711,0.805850,0.649394,0.312912,0.037694
712,0.806400,0.650281,0.312238,0.037481
713,0.804550,0.647301,0.314499,0.038201
714,0.804600,0.647381,0.314438,0.038181
715,0.804600,0.647381,0.314438,0.038181
716,0.807750,0.652460,0.310580,0.036960
717,0.805800,0.649314,0.312973,0.037714
718,0.809200,0.654805,0.308791,0.036405
719,0.806950,0.651168,0.311563,0.037268
720,0.808350,0.653430,0.309841,0.036730
721,0.809600,0.655452,0.308296,0.036252
722,0.809800,0.655776,0.308048,0.036176
723,0.810300,0.656586,0.307428,0.035986
724,0.807500,0.652056,0.310887,0.037056
725,0.810700,0.657234,0.306931,0.035834
726,0.810650,0.657153,0.306993,0.035853
727,0.812150,0.659588,0.305125,0.035288
728,0.812500,0.660156,0.304688,0.035156
729,0.811550,0.658613,0.305873,0.035513
730,0.813300,0.661457,0.303686,0.034857
731,0.810500,0.656910,0.307179,0.035910
732,0.817000,0.667489,0.299022,0.033489
733,0.817450,0.668225,0.298451,0.033325
734,0.818300,0.669615,0.297370,0.033015
735,0.811650,0.658776,0.305749,0.035476
736,0.815450,0.664959,0.300983,0.034059
737,0.810050,0.656181,0.307738,0.036081
738,0.811150,0.657964,0.306371,0.035664
739,0.810300,0.656586,0.307428,0.035986
740,0.814150,0.662840,0.302620,0.034540
741,0.814200,0.662922,0.302557,0.034522
742,0.814800,0.663899,0.301802,0.034299
743,0.812950,0.660888,0.304125,0.034988
744,0.811850,0.659100,0.305499,0.035400
745,0.809250,0.654886,0.308729,0.036386
746,0.812850,0.660725,0.304250,0.035025
747,0.815500,0.665040,0.300920,0.034040
748,0.813700,0.662108,0.303185,0.034708
749,0.811200,0.658045,0.306309,0.035645
750,0.810600,0.657072,0.307055,0.035872
751,0.811050,0.657802,0.306496,0.035702
752,0.807750,0.652460,0.310580,0.036960
753,0.811350,0.658289,0.306122,0.035589
754,0.812300,0.659831,0.304937,0.035231
755,0.813750,0.662189,0.303122,0.034689
756,0.809200,0.654805,0.308791,0.036405
757,0.807000,0.651249,0.311502,0.037249
758,0.806550,0.650523,0.312054,0.037423
759,0.804600,0.647381,0.314438,0.038181
760,0.807950,0.652783,0.310334,0.036883
761,0.811300,0.658208,0.306185,0.035608
762,0.809050,0.654562,0.308976,0.036462
763,0.804500,0.647220,0.314559,0.038220
764,0.806550,0.650523,0.312054,0.037423
765,0.808700,0.653996,0.309409,0.036596
766,0.808150,0.653106,0.310087,0.036806
767,0.810150,0.656343,0.307614,0.036043
768,0.812900,0.660806,0.304187,0.035006
769,0.813200,0.661294,0.303812,0.034894
770,0.816850,0.667244,0.299212,0.033544
771,0.817150,0.667734,0.298832,0.033434
772,0.821200,0.674369,0.293661,0.031969
773,0.824500,0.679800,0.289399,0.030800
774,0.821550,0.674944,0.293211,0.031844
775,0.822050,0.675766,0.292568,0.031666
776,0.821600,0.675027,0.293147,0.031827
777,0.822500,0.676506,0.291988,0.031506
778,0.822750,0.676918,0.291665,0.031418
779,0.824200,0.679306,0.289789,0.030906
780,0.825550,0.681533,0.288034,0.030433
781,0.821450,0.674780,0.293340,0.031880
782,0.819000,0.670761,0.296478,0.032761
783,0.814000,0.662596,0.302808,0.034596
784,0.815400,0.664877,0.301046,0.034077
785,0.816050,0.665938,0.300225,0.033838
786,0.820500,0.673220,0.294559,0.032220
787,0.824050,0.679058,0.289983,0.030958
788,0.824900,0.680460,0.288880,0.030660
789,0.818850,0.670515,0.296669,0.032815
790,0.823450,0.678070,0.290760,0.031170
791,0.820850,0.673795,0.294111,0.032095
792,0.815600,0.665203,0.300793,0.034003
793,0.816450,0.666591,0.299719,0.033691
794,0.816800,0.667162,0.299276,0.033562
795,0.817750,0.668715,0.298070,0.033215
796,0.820000,0.672400,0.295200,0.032400
797,0.814700,0.663736,0.301928,0.034336
798,0.809150,0.654724,0.308853,0.036424
799,0.811400,0.658370,0.306060,0.035570
800,0.818800,0.670433,0.296733,0.032833
801,0.815500,0.665040,0.300920,0.034040
802,0.816950,0.667407,0.299085,0.033507
803,0.819550,0.671662,0.295776,0.032562
804,0.817050,0.667571,0.298959,0.033471
805,0.815550,0.665122,0.300856,0.034022
806,0.809950,0.656019,0.307862,0.036119
807,0.808700,0.653996,0.309409,0.036596
808,0.809050,0.654562,0.308976,0.036462
809,0.809050,0.654562,0.308976,0.036462
810,0.811650,0.658776,0.305749,0.035476
811,0.813850,0.662352,0.302996,0.034652
812,0.815100,0.664388,0.301424,0.034188
813,0.814750,0.663818,0.301865,0.034318
814,0.818300,0.669615,0.297370,0.033015
815,0.816250,0.666264,0.299972,0.033764
816,0.815200,0.664551,0.301298,0.034151
817,0.816000,0.665856,0.300288,0.033856
818,0.813250,0.661376,0.303749,0.034876
819,0.814900,0.664062,0.301676,0.034262
820,0.814100,0.662759,0.302682,0.034559
821,0.816950,0.667407,0.299085,0.033507
822,0.818500,0.669942,0.297115,0.032942
823,0.823500,0.678152,0.290695,0.031152
824,0.827000,0.683929,0.286142,0.029929
825,0.826650,0.683350,0.286600,0.030050
826,0.829050,0.687324,0.283452,0.029224
827,0.829200,0.687573,0.283255,0.029173
828,0.828750,0.686827,0.283847,0.029327
829,0.824300,0.679470,0.289659,0.030870
830,0.829600,0.688236,0.282728,0.029036
831,0.827150,0.684177,0.285946,0.029877
832,0.829450,0.687987,0.282925,0.029087
833,0.829050,0.687324,0.283452,0.029224
834,0.828200,0.685915,0.284570,0.029515
835,0.828500,0.686412,0.284175,0.029412
836,0.824900,0.680460,0.288880,0.030660
837,0.819700,0.671908,0.295584,0.032508
838,0.817550,0.668388,0.298324,0.033288
839,0.815100,0.664388,0.301424,0.034188
840,0.813250,0.661376,0.303749,0.034876
841,0.809400,0.655128,0.308543,0.036328
842,0.810450,0.656829,0.307242,0.035929
843,0.812350,0.659913,0.304875,0.035213
844,0.811700,0.658857,0.305686,0.035457
845,0.808350,0.653430,0.309841,0.036730
846,0.803300,0.645291,0.316018,0.038691
847,0.803600,0.645773,0.315654,0.038573
848,0.806650,0.650684,0.311932,0.037384
849,0.804000,0.646416,0.315168,0.038416
850,0.805350,0.648589,0.313523,0.037889
851,0.805050,0.648106,0.313889,0.038006
852,0.806650,0.650684,0.311932,0.037384
853,0.805850,0.649394,0.312912,0.037694
854,0.806000,0.649636,0.312728,0.037636
855,0.807400,0.651895,0.311010,0.037095
856,0.810050,0.656181,0.307738,0.036081
857,0.808700,0.653996,0.309409,0.036596
858,0.806500,0.650442,0.312115,0.037442
859,0.813500,0.661782,0.303436,0.034782
860,0.812900,0.660806,0.304187,0.035006
861,0.814400,0.663247,0.302305,0.034447
862,0.812100,0.659506,0.305187,0.035306
863,0.812200,0.659669,0.305062,0.035269
864,0.813350,0.661538,0.303624,0.034838
865,0.813150,0.661213,0.303874,0.034913
866,0.810500,0.656910,0.307179,0.035910
867,0.816450,0.666591,0.299719,0.033691
868,0.815800,0.665530,0.300541,0.033930
869,0.814350,0.663166,0.302368,0.034466
870,0.809900,0.655938,0.307924,0.036138
871,0.804700,0.647542,0.314316,0.038142
872,0.804700,0.647542,0.314316,0.038142
873,0.807450,0.651976,0.310949,0.037076
874,0.804850,0.647784,0.314133,0.038084
875,0.805700,0.649152,0.313095,0.037752
876,0.804850,0.647784,0.314133,0.038084
877,0.800750,0.641201,0.319099,0.039701
878,0.798300,0.637283,0.322034,0.040683
879,0.801400,0.642242,0.318316,0.039442
880,0.797700,0.636325,0.322749,0.040925
881,0.793950,0.630357,0.327187,0.042457
882,0.792300,0.627739,0.329121,0.043139
883,0.788750,0.622127,0.333247,0.044627
884,0.791650,0.626710,0.329881,0.043410
885,0.795100,0.632184,0.325832,0.041984
886,0.798050,0.636884,0.322332,0.040784
887,0.797450,0.635927,0.323047,0.041027
888,0.794550,0.631310,0.326481,0.042210
889,0.796650,0.634651,0.323998,0.041351
890,0.795100,0.632184,0.325832,0.041984
891,0.796850,0.634970,0.323760,0.041270
892,0.794100,0.630595,0.327010,0.042395
893,0.794850,0.631787,0.326127,0.042087
894,0.793100,0.629008,0.328185,0.042808
895,0.795700,0.633138,0.325123,0.041738
896,0.795500,0.632820,0.325360,0.041820
897,0.793200,0.629166,0.328068,0.042766
898,0.795150,0.632264,0.325773,0.041964
899,0.798100,0.636964,0.322273,0.040764
900,0.803200,0.645130,0.316140,0.038730
901,0.805000,0.648025,0.313950,0.038025
902,0.807800,0.652541,0.310518,0.036941
903,0.801300,0.642082,0.318437,0.039482
904,0.800300,0.640480,0.319640,0.039880
905,0.800450,0.640720,0.319460,0.039820
906,0.802850,0.644568,0.316564,0.038868
907,0.802900,0.644648,0.316503,0.038848
908,0.801900,0.643044,0.317713,0.039244
909,0.800650,0.641040,0.319219,0.039740
910,0.804550,0.647301,0.314499,0.038201
911,0.804050,0.646496,0.315107,0.038396
912,0.806250,0.650039,0.312422,0.037539
913,0.803400,0.645452,0.315897,0.038652
914,0.804900,0.647864,0.314072,0.038064
915,0.801150,0.641841,0.318617,0.039541
916,0.804050,0.646496,0.315107,0.038396
917,0.797700,0.636325,0.322749,0.040925
918,0.791750,0.626868,0.329764,0.043368
919,0.791150,0.625918,0.330463,0.043618
920,0.794400,0.631071,0.326657,0.042271
921,0.790950,0.625602,0.330696,0.043702
922,0.790600,0.625048,0.331103,0.043848
923,0.790500,0.624890,0.331220,0.043890
924,0.792200,0.627581,0.329238,0.043181
925,0.793300,0.629325,0.327950,0.042725
926,0.790200,0.624416,0.331568,0.044016
927,0.788700,0.622048,0.333305,0.044648
928,0.785800,0.617482,0.336637,0.045882
929,0.787300,0.619841,0.334917,0.045241
930,0.787850,0.620708,0.334285,0.045008
931,0.785950,0.617717,0.336465,0.045817
932,0.786500,0.618582,0.335836,0.045582
933,0.785750,0.617403,0.336694,0.045903
934,0.788500,0.621732,0.333536,0.044732
935,0.787500,0.620156,0.334688,0.045156
936,0.788450,0.621653,0.333593,0.044753
937,0.793050,0.628928,0.328243,0.042828
938,0.796650,0.634651,0.323998,0.041351
939,0.796750,0.634811,0.323879,0.041311
940,0.797750,0.636405,0.322690,0.040905
941,0.797100,0.635368,0.323463,0.041168
942,0.792900,0.628690,0.328419,0.042890
943,0.798100,0.636964,0.322273,0.040764
944,0.798650,0.637842,0.321616,0.040542
945,0.802950,0.644729,0.316443,0.038829
946,0.803150,0.645050,0.316200,0.038750
947,0.802100,0.643364,0.317471,0.039164
948,0.801650,0.642643,0.318015,0.039343
949,0.800300,0.640480,0.319640,0.039880
950,0.797450,0.635927,0.323047,0.041027
951,0.798650,0.637842,0.321616,0.040542
952,0.803250,0.645211,0.316079,0.038711
953,0.807250,0.651653,0.311195,0.037153
954,0.806700,0.650765,0.311870,0.037365
955,0.806700,0.650765,0.311870,0.037365
956,0.806900,0.651088,0.311625,0.037288
957,0.807300,0.651733,0.311133,0.037133
958,0.806150,0.649878,0.312544,0.037578
959,0.807550,0.652137,0.310826,0.037037
960,0.803200,0.645130,0.316140,0.038730
961,0.805900,0.649475,0.312850,0.037675
962,0.806350,0.650200,0.312299,0.037500
963,0.810900,0.657559,0.306682,0.035759
964,0.807350,0.651814,0.311072,0.037114
965,0.806500,0.650442,0.312115,0.037442
966,0.812350,0.659913,0.304875,0.035213
967,0.813950,0.662515,0.302871,0.034615
968,0.818850,0.670515,0.296669,0.032815
969,0.815550,0.665122,0.300856,0.034022
970,0.813350,0.661538,0.303624,0.034838
971,0.808250,0.653268,0.309964,0.036768
972,0.808500,0.653672,0.309656,0.036672
973,0.810150,0.656343,0.307614,0.036043
974,0.811200,0.658045,0.306309,0.035645
975,0.813400,0.661620,0.303561,0.034820
976,0.813000,0.660969,0.304062,0.034969
977,0.813500,0.661782,0.303436,0.034782
978,0.819250,0.671171,0.296159,0.032671
979,0.815450,0.664959,0.300983,0.034059
980,0.819950,0.672318,0.295264,0.032418
981,0.822450,0.676424,0.292052,0.031524
982,0.822100,0.675848,0.292503,0.031648
983,0.823650,0.678399,0.290501,0.031099
984,0.817400,0.668143,0.298514,0.033343
985,0.811900,0.659182,0.305437,0.035382
986,0.814950,0.664144,0.301613,0.034244
987,0.818650,0.670188,0.296924,0.032888
988,0.817200,0.667816,0.298768,0.033416
989,0.814550,0.663492,0.302117,0.034392
990,0.814400,0.663247,0.302305,0.034447
991,0.815950,0.665774,0.300351,0.033874
992,0.813200,0.661294,0.303812,0.034894
993,0.810700,0.657234,0.306931,0.035834
994,0.810650,0.657153,0.306993,0.035853
995,0.815300,0.664714,0.301172,0.034114
996,0.817050,0.667571,0.298959,0.033471
997,0.819500,0.671580,0.295839,0.032580
998,0.816050,0.665938,0.300225,0.033838
999,0.814000,0.662596,0.302808,0.034596
1000,0.813550,0.661864,0.303373,0.034764
